   0.0000000e+00
   6.2830781e-04
   2.8142414e-03
   6.4109798e-03
   1.1241437e-02
   1.7105062e-02
   2.3865214e-02
   2.9846203e-02
   3.4313364e-02
   3.6541949e-02
   3.7068159e-02
   3.6079830e-02
   3.3712791e-02
   3.0122086e-02
   2.5491028e-02
   2.0012136e-02
   1.3695650e-02
   9.4631202e-03
   6.6102899e-03
   5.4552855e-03
   5.7474943e-03
   7.3472426e-03
   1.0114635e-02
   1.3883547e-02
   1.8465107e-02
   2.3716549e-02
   2.8029875e-02
   3.1055634e-02
   3.2349427e-02
   3.2282904e-02
   3.1009576e-02
   2.8663018e-02
   2.5400285e-02
   2.1403187e-02
   1.6827595e-02
   1.3029257e-02
   1.0423954e-02
   9.3990304e-03
   9.6022098e-03
   1.0886126e-02
   1.3118782e-02
   1.6144228e-02
   1.9783799e-02
   2.3911961e-02
   2.6799994e-02
   2.8601155e-02
   2.9108452e-02
   2.8551179e-02
   2.7058483e-02
   2.4765686e-02
   2.1833912e-02
   1.8436684e-02
   1.4583135e-02
   1.2675902e-02
   1.2218197e-02
   1.2741187e-02
   1.4107642e-02
   1.6185871e-02
   1.8818882e-02
   2.1838488e-02
   2.4488612e-02
   2.6180145e-02
   2.6650865e-02
   2.6220265e-02
   2.5021095e-02
   2.3180013e-02
   2.0848112e-02
   1.8189793e-02
   1.5963798e-02
   1.4613629e-02
   1.4329248e-02
   1.4844303e-02
   1.6034631e-02
   1.7774110e-02
   1.9911970e-02
   2.2294023e-02
   2.3921485e-02
   2.4767950e-02
   2.4757084e-02
   2.4063104e-02
   2.2800902e-02
   2.1100600e-02
   1.9116030e-02
   1.6939234e-02
   1.5954329e-02
   1.5924769e-02
   1.6526589e-02
   1.7643124e-02
   1.9149599e-02
   2.0897264e-02
   2.2795127e-02
   2.3510939e-02
   2.3405972e-02
   2.2752950e-02
   2.1662575e-02
   2.0260665e-02
   1.8695230e-02
   1.7535665e-02
   1.6994685e-02
   1.7110717e-02
   1.7718465e-02
   1.8711858e-02
   1.9968294e-02
   2.1343159e-02
   2.2243024e-02
   2.2587174e-02
   2.2374234e-02
   2.1738941e-02
   2.0785080e-02
   1.9636706e-02
   1.8434683e-02
   1.7888449e-02
   1.7821378e-02
   1.8194657e-02
   1.8905943e-02
   1.9848165e-02
   2.0890149e-02
   2.1629353e-02
   2.1889588e-02
   2.1681199e-02
   2.1137307e-02
   2.0355613e-02
   1.9454479e-02
   1.8566976e-02
   1.8395571e-02
   1.8659106e-02
   1.9203743e-02
   1.9933236e-02
   2.0727058e-02
   2.1246975e-02
   2.1369622e-02
   2.1129231e-02
   2.0637526e-02
   1.9987956e-02
   1.9297618e-02
   1.8894948e-02
   1.8847163e-02
   1.9108432e-02
   1.9579928e-02
   2.0168919e-02
   2.0756381e-02
   2.0994176e-02
   2.0931707e-02
   2.0625056e-02
   2.0159225e-02
   1.9630492e-02
   1.9229027e-02
   1.9155019e-02
   1.9359419e-02
   1.9732277e-02
   2.0189321e-02
   2.0618428e-02
   2.0735199e-02
   2.0615331e-02
   2.0320808e-02
   1.9930199e-02
   1.9541038e-02
   1.9376828e-02
   1.9444371e-02
   1.9684527e-02
   2.0020839e-02
   2.0364859e-02
   2.0529677e-02
   2.0475105e-02
   2.0261808e-02
   1.9964725e-02
   1.9668193e-02
   1.9543255e-02
   1.9613318e-02
   1.9816912e-02
   2.0083540e-02
   2.0328601e-02
   2.0390338e-02
   2.0290835e-02
   2.0089195e-02
   1.9852522e-02
   1.9673439e-02
   1.9715893e-02
   1.9875752e-02
   2.0081678e-02
   2.0257803e-02
   2.0277530e-02
   2.0173561e-02
   2.0003014e-02
   1.9829026e-02
   1.9755709e-02
   1.9819243e-02
   1.9958954e-02
   2.0116169e-02
   2.0208619e-02
   2.0137632e-02
   2.0008424e-02
   1.9875268e-02
   1.9821795e-02
   1.9881731e-02
   1.9995714e-02
   2.0110936e-02
   2.0151642e-02
   2.0092016e-02
   1.9989248e-02
   1.9897316e-02
